11.07532501 4.24269390 25.48755074 -0.900841 -1.236648 0.012499
41.84820938 43.44566727 24.05397034 0.989945 1.166196 -0.031149
43.78343201 41.09273148 21.36592102 0.117748 0.106664 -0.018394
44.53152084 38.87700653 17.86219406 0.238810 0.176694 -0.076165
43.95060349 36.95273590 13.90916348 0.847470 0.546355 -0.444739
26.78194427 49.06995010 31.51630592 0.179602 1.470360 0.410895
42.45823669 40.51634598 16.08636665 0.865209 0.777070 -0.388036
42.95461273 34.65900803 10.53157425 1.084688 0.661776 -0.868688
41.28537750 43.06793976 19.22626877 0.104758 0.116934 -0.030529
41.40023422 37.51129913 10.87556553 0.630532 0.489750 -0.604068
38.03841782 32.79526520 5.14468622 0.368227 0.210929 -0.500180
22.28051949 45.25499725 39.39928818 -0.088722 1.253738 0.900708
40.01895523 40.06148148 11.86292553 0.688071 0.672393 -0.537544
38.32340240 36.54293823 7.27297211 0.330794 0.273583 -0.393414
22.71455574 42.74251938 42.46366501 -0.074504 0.502821 0.551160
35.45167160 34.84059906 4.53233910 0.635168 0.681365 -1.234226
38.17238998 42.80486679 13.40367222 0.849674 1.101027 -0.803400
37.63637924 40.48736954 9.98456860 0.770475 1.003160 -0.873552
32.82125854 36.92045975 4.46392202 0.506080 0.684324 -1.346089
30.56365585 34.26362991 2.45602393 0.362133 0.506007 -1.459691
33.72853851 40.17608643 7.15345907 0.561312 0.906316 -1.190224
26.63334656 32.57554626 1.23146498 0.097085 0.248263 -0.760350
27.70485115 36.52407837 2.98002410 0.114766 0.330716 -0.619835
22.53712082 30.78899956 0.80451000 -0.032651 0.184868 -0.755415
21.00454521 32.00080109 48.66484833 -0.161946 0.447673 1.490051
33.84715271 43.48350143 10.67910957 0.412623 0.773749 -0.575246
30.23060608 41.02075195 6.53445482 0.159816 0.398771 -0.449085
23.63969421 34.94261932 2.10253501 0.000924 0.302686 -0.688560
39.11611176 45.29656601 21.28720474 0.047267 0.065132 -0.009190
37.36073685 45.45706558 17.67056847 0.780746 1.300308 -0.536960
26.33389854 39.88071823 4.95542812 0.082559 0.875950 -1.324090
18.21829414 31.64558792 1.87329197 -0.418797 0.331142 -1.477279
22.83577156 27.99455833 49.72546387 -0.063215 0.049984 0.787328
34.60895538 45.62245941 14.63747787 0.156745 0.305344 -0.145465
30.72623634 44.32796097 10.21351242 0.354140 1.190651 -1.008773
22.20742416 38.50964355 4.15075588 -0.178727 0.780185 -1.366572
19.41350937 35.79221725 3.15236306 -0.133475 0.347611 -0.701360
27.93799782 42.83350754 7.72764921 0.191990 1.152623 -1.008834
23.86453629 41.83323669 6.55134821 0.005192 0.463009 -0.506119
14.32835674 29.59643555 2.86431098 -0.679310 0.375789 -1.369322
30.43266678 46.18333435 12.88585091 0.274416 0.883028 -0.494783
27.38161087 45.19458771 10.45673466 0.133480 1.244598 -0.993109
16.74449730 37.90259552 5.24222517 -0.219525 0.415650 -0.640001
15.36923313 33.89833450 3.71460795 -0.340936 0.269577 -0.646904
23.23952866 44.49671555 9.45075798 -0.012266 0.511786 -0.410107
20.04508209 42.58064270 7.93044281 -0.103277 0.503123 -0.492893
11.54398155 34.35633469 6.12158298 -0.842316 0.505353 -1.221564
10.54134178 30.05743408 5.24222517 -0.918271 0.403776 -1.217270
33.77468109 47.38241577 18.14197922 0.530069 1.432207 -0.502356
27.31772804 47.02305603 13.39771366 0.140370 0.877319 -0.461444
15.85968971 41.09424973 8.19435120 -0.235844 0.489898 -0.519724
7.23167086 30.18234444 8.19435120 -0.527069 0.176995 -0.556261
5.69778681 26.59941292 9.19283390 -0.564741 0.064135 -0.513259
24.30743980 14.24604225 47.55821228 -0.018728 -0.351632 0.643841
23.12603378 46.63831711 12.61971569 -0.022926 0.797421 -0.462783
18.02375031 44.17890167 10.56041622 -0.191158 0.648468 -0.498520
11.89955330 39.20009613 9.13382530 -0.369954 0.451572 -0.514886
9.30844975 36.12396240 9.03025436 -0.453758 0.358785 -0.522280
30.04598808 47.94708633 16.45778847 0.163740 0.970544 -0.362068
6.17167377 33.51252365 10.92764854 -1.176032 0.454008 -0.920683
4.49346399 29.91290665 11.57072544 -1.269158 0.227142 -0.868948
24.30208588 9.61640644 44.69411087 -0.021570 -0.450059 0.517246
21.70338631 47.76319885 15.20362282 -0.076563 0.839832 -0.373354
18.10323334 46.38868713 14.04743481 -0.471141 1.313758 -0.761172
13.89660358 42.64646149 11.20445347 -0.387289 0.545986 -0.412866
8.72204781 39.15424728 12.36332321 -0.478126 0.458672 -0.423855
2.59734297 26.77829742 14.04743481 -0.654144 0.073323 -0.358990
13.97826862 45.01642227 14.85779095 -0.323468 0.665706 -0.355229
10.79028893 42.61056900 14.37211990 -0.401784 0.551494 -0.350217
4.58713579 34.76541138 14.37211990 -0.619509 0.328121 -0.367397
2.98133898 31.10853958 14.85779095 -1.368061 0.305341 -0.672760
2.09013009 22.95820045 15.20362282 -0.857207 -0.101502 -0.324759
23.66483307 5.89913511 41.07402802 -0.039727 -0.493723 0.375360
35.82700348 47.38386536 22.40412140 0.512257 1.181933 -0.143194
28.32304573 49.30941010 20.20313454 0.194827 1.062399 -0.218768
24.89003944 48.94262695 17.80704689 0.037975 1.489412 -0.386438
16.90200043 47.33850098 17.22736359 -0.190293 0.617580 -0.230094
1.39610803 27.72810936 17.22736359 -0.694074 0.104897 -0.263461
1.01570404 23.80774689 18.04786873 -0.844225 -0.013980 -0.282501
20.23163605 48.92691040 19.54421425 -0.090268 0.596512 -0.149208
12.90516853 45.86491776 18.41438675 -0.361793 0.696009 -0.242195
9.66580200 43.49970245 18.09902763 -0.439566 0.581371 -0.238777
7.33611012 40.25010681 16.03221130 -0.579063 0.457864 -0.249890
3.46265006 35.65453720 18.09902763 -0.659148 0.359462 -0.250494
1.90823901 31.95703697 18.41438675 -0.726027 0.249040 -0.245069
0.91633600 20.18721390 20.32942009 -1.462881 -0.362742 -0.312279
22.30331993 3.27657509 37.07562637 -0.067655 -0.477634 0.238265
31.73787117 48.99291611 23.01481247 0.095012 0.290397 -0.026376
25.85956383 49.79927063 21.95742798 -0.002035 1.583442 -0.245739
6.43618011 40.96167374 19.93941879 -1.195424 0.945221 -0.380699
19.67399216 2.27432489 33.95418167 -0.268683 -1.470356 0.582985
16.12200546 47.95523834 20.61385155 -0.333819 0.761267 -0.120867
3.80920601 37.91390228 21.96989822 -0.651417 0.433785 -0.128443
1.30268204 32.43584824 22.14599609 -1.484980 0.397791 -0.232436
0.61611801 28.34484673 20.61385155 -0.676113 0.067487 -0.094222
0.31805000 24.35938072 21.07686806 -0.615672 -0.038326 -0.075609
1.49190402 16.65085983 23.36861992 -1.419178 -0.572719 -0.124816
21.70405579 49.68381500 22.79863167 -0.145928 1.531980 -0.087071
12.17769146 46.44013214 24.04655075 -0.863711 1.321799 -0.122455
9.03124714 44.00144577 22.00932884 -0.532099 0.582453 -0.063677
0.27809301 28.61212349 24.11690140 -0.735094 0.137330 -0.054122
27.63306236 49.85498047 24.45499802 0.035815 0.554475 0.000000
23.61305237 49.95233536 25.67619705 -0.016092 1.001031 0.000000
19.62896156 49.40344238 25.78987503 -0.109541 0.611749 0.000000
15.78398037 48.22251129 25.88309860 -0.227635 0.647104 0.000000
7.41781998 42.74379349 26.01228142 -0.525307 0.574407 0.000000
2.70033598 36.25730133 25.99910736 -0.686596 0.382314 0.000000
0.01570600 24.59844208 25.78987503 -1.541366 -0.085677 0.000000
3.05467796 13.03157806 25.39969444 -1.041290 -0.513814 0.000000
33.54437637 48.47465515 25.96658516 0.486598 1.532896 0.046532
10.61879444 45.23821259 27.93184471 -0.965418 1.245187 0.125092
4.92775106 39.58776855 28.04988289 -0.618752 0.489246 0.064511
1.30268204 32.43584824 27.85400581 -0.729669 0.263110 0.060155
0.40040201 20.59516335 25.67619705 -1.582531 -0.219370 0.090393
15.99234390 1.89165902 28.14113808 -0.092285 -0.215386 0.023540
14.29761982 47.12514496 29.57569504 -0.744533 1.381044 0.237214
7.80529213 42.43741989 30.02776146 -0.517299 0.568076 0.124835
0.61611801 28.34484673 29.38615036 -1.526726 0.152393 0.212764
0.31805000 24.35938072 28.92313385 -0.698859 0.012985 0.091593
1.06742203 18.44450378 28.04257393 -0.583216 -0.132370 0.061813
5.34892511 9.59330654 26.21205902 -1.167441 -0.988952 0.049792
26.60681915 47.58517456 35.59849548 0.041861 0.848355 0.445428
24.97480202 36.32148361 47.28953552 -0.089720 0.709806 1.412895
26.37080765 22.63279343 49.84989548 0.048299 -0.118807 0.776011
25.40633202 18.30372238 49.08308029 0.016810 -0.255364 0.751707
27.11859703 12.02326584 46.26301575 0.046417 -0.813083 1.324453
19.63555908 1.02140403 29.60974503 -0.091777 -0.356713 0.057410
16.00132179 2.79469609 32.13780594 -0.116858 -0.273123 0.076165
18.35502815 4.77523279 38.10737228 -0.353335 -1.302445 0.863980
12.56195354 3.88998008 29.96610069 -0.623946 -1.093625 0.307505
21.50365067 7.60797501 42.61513901 -0.090433 -0.453631 0.415063
15.45698166 5.60870504 37.56616592 -0.548357 -1.249213 0.844255
20.42171669 10.51532364 44.85531616 -0.120324 -0.406945 0.500180
17.96561050 8.48435211 42.39973450 -0.271783 -0.666557 0.633801
14.75474262 7.62197018 39.76613998 -0.431131 -0.759115 0.581142
12.74957466 5.36584520 34.45658875 -0.216724 -0.342810 0.186738
20.15674019 15.16675377 47.46887207 -0.158911 -0.371668 0.736329
17.83497429 12.56065559 45.46765900 -0.212117 -0.329087 0.615623
12.10837460 8.25644302 38.35886765 -0.565375 -0.769404 0.550335
21.94031143 23.57767868 49.77125931 -0.090536 -0.088990 0.775541
21.07021904 19.24023819 49.00795746 -0.130110 -0.139193 0.770878
17.26913834 17.44997406 47.54397583 -0.408858 -0.469066 1.459691
14.26430798 13.33210754 44.32886887 -0.262934 -0.317232 0.465259
9.91228580 6.69914818 32.90187836 -0.141341 -0.176598 0.065558
12.59832096 10.95029545 41.54703140 -0.481935 -0.500389 0.661223
18.00532913 21.66363907 48.76853561 -0.517391 -0.219344 1.452990
13.46796036 18.18292618 46.10780716 -0.310311 -0.221751 0.570170
11.81320858 15.27018547 43.87959671 -0.322134 -0.270425 0.457534
9.24229240 9.23933601 36.32678986 -0.977615 -0.999861 0.790059
8.99491501 6.19704008 28.90973473 -0.917382 -1.108751 0.171898
18.47287369 28.87767029 48.81932449 -0.322952 0.255357 1.515880
16.11025620 25.65410995 48.35689926 -0.476907 0.054791 1.502520
13.97787380 22.41360474 47.28953552 -0.619697 -0.148871 1.449814
10.82801056 20.27032852 45.04457092 -0.381878 -0.165165 0.545392
8.91308498 15.64216232 41.69257736 -0.975866 -0.578531 1.125212
9.05501080 12.12873554 39.32088852 -0.390192 -0.284996 0.357789
19.41350937 35.79221725 46.84763718 -0.174645 0.298668 0.705603
16.76428223 32.79527283 47.28018570 -0.253960 0.200805 0.708927
12.16881847 26.27855301 46.41789246 -0.734516 0.098949 1.396015
20.90196991 39.54186249 44.91834259 -0.129918 0.416566 0.644096
14.32835674 29.59643555 47.13568878 -0.746763 0.270841 1.347544
9.08022022 23.92493057 44.24590683 -0.526824 -0.080764 0.649238
7.24324894 18.88364029 41.50115204 -1.082615 -0.365084 1.113393
6.58774805 15.70284176 39.12628555 -1.140184 -0.569135 0.967866
6.40911198 12.76283646 36.38555145 -1.167921 -0.759332 0.795859
7.25922680 9.70705032 33.74017715 -0.841304 -0.671944 0.434733
16.74449730 37.90259552 44.75777435 -0.431555 0.817105 1.258144
14.04242611 34.94743729 45.14894485 -0.340936 0.269579 0.646904
11.62415409 31.73464203 45.01827621 -0.417461 0.169510 0.643872
9.55230331 28.34742546 44.36914063 -0.494870 0.149219 0.602821
5.62282991 22.21677017 40.54924011 -0.500818 -0.106088 0.410109
6.87137222 8.38951111 29.52156830 -0.967276 -0.947451 0.214561
18.99230576 43.41306686 40.80716705 -0.291610 1.149353 1.001076
15.85968971 41.09424973 41.80564880 -0.488487 1.014690 1.076466
10.37964153 35.27696991 42.48225021 -0.844202 0.667508 1.144181
6.40442896 28.40190887 41.35945511 -1.118229 0.245316 1.094315
4.99695492 18.73863792 38.62621307 -0.549601 -0.136282 0.368476
12.96380138 38.35860062 42.36887360 -0.369955 0.451572 0.514886
8.17414761 31.92917252 42.14284897 -0.533541 0.260145 0.523545
4.18789291 25.52065277 38.84143066 -1.277640 0.068999 0.943497
3.51277709 21.83331680 37.38028717 -0.781213 -0.161591 0.462785
4.18911886 15.97618675 35.51085281 -0.510259 -0.190058 0.254948
4.76067209 12.78294277 33.13100433 -0.912848 -0.494663 0.369495
20.59852600 46.58494949 36.82019424 -0.194683 1.337527 0.751089
17.14585304 44.87305069 37.97590637 -0.271246 0.624415 0.458818
9.58624077 38.47093201 39.35096359 -0.493170 0.389948 0.480731
7.19686985 35.23528671 39.25789261 -0.561485 0.283389 0.471170
5.26858521 31.73455238 38.79555130 -0.592225 0.164854 0.433392
13.89660358 42.64646149 38.79555130 -0.778319 1.097243 0.829718
3.06994510 28.67724037 36.42587662 -0.732852 0.082145 0.402184
2.27003193 24.86781883 35.40822220 -1.416082 0.035211 0.727902
2.05881095 21.06182289 34.12099838 -0.867463 -0.195553 0.359350
2.85353494 15.57422161 31.75935555 -0.955671 -0.460800 0.298091
22.99884987 48.66002655 32.82295227 -0.098920 0.857508 0.324760
19.26758003 47.63732147 33.92698288 -0.219153 0.760957 0.343104
15.68478012 46.02832413 34.79981232 -0.504391 1.317603 0.646310
12.34323502 43.87470245 35.41883087 -0.717294 1.195607 0.694984
4.58713579 34.76541138 35.62788010 -0.629286 0.263769 0.350215
18.32305908 48.38415146 30.79653358 -0.216558 0.668041 0.197761
8.69938374 41.73046494 33.90962982 -0.498223 0.554520 0.248717
5.57486677 39.07609558 32.03760147 -0.617333 0.408076 0.249597
3.46265006 35.65453720 31.90097237 -0.667072 0.293645 0.238778
1.81680202 29.66809845 33.10852814 -1.468137 0.242074 0.440660
1.12849796 25.77042580 32.38633728 -1.494596 -0.001819 0.396476
2.11219501 16.16039467 20.20313454 -0.510937 -0.178797 -0.125305
3.78153110 23.67268181 11.84648991 -1.295783 -0.159017 -0.828655
8.66344929 26.61570740 6.14511395 -0.492494 0.064386 -0.634428
12.16881847 26.27855301 3.58210897 -0.822110 0.168209 -1.339403
17.26648521 27.27326202 1.33515096 -0.202081 0.078494 -0.762897
31.23195839 28.93943405 1.11185396 0.154765 0.119701 -0.769595
36.29091644 29.73509789 3.20334911 0.331294 0.147987 -0.736428
40.51274490 30.83881950 6.28468895 0.430327 0.161826 -0.467859
7.96772099 6.69986820 24.91794777 -0.115026 -0.114069 -0.001593
3.35964203 12.79044247 22.23925591 -0.260657 -0.159422 -0.026377
2.96133399 16.94699097 16.37177086 -1.438681 -0.444264 -0.548175
3.38337588 20.01449013 13.47323322 -0.511811 -0.130452 -0.245110
5.62282991 22.21677017 9.45075798 -1.180608 -0.250087 -0.966768
10.34160328 22.92756081 4.85461807 -0.415658 -0.053746 -0.640955
15.01167583 24.03071404 2.10253501 -0.273654 -0.023380 -0.736968
21.58705330 26.41529846 0.27453300 -0.062249 0.049220 -0.775305
27.26613426 27.04977989 0.18744200 0.115340 0.069378 -0.774250
39.00717163 27.58736229 4.45481586 0.423399 0.075160 -0.699333
42.80890656 29.02325249 7.92205095 0.487485 0.116633 -0.423106
46.14017487 33.76343918 14.93545532 0.501918 0.196653 -0.266253
46.39646530 36.30211258 18.71879196 0.432630 0.214331 -0.144889
45.73273468 38.83734512 23.08129501 0.190661 0.137601 -0.013285
45.43130875 30.92273331 11.86672688 1.327237 0.300700 -0.837341
35.71620941 25.39374733 2.41664791 0.299971 0.004886 -0.735219
19.16397285 23.23954010 0.75455600 -0.228195 -0.061639 -0.758080
7.74499416 20.53877640 7.46824789 -1.116603 -0.201582 -1.117553
41.52783585 25.59427643 6.25227022 0.509552 0.007039 -0.643653
31.97146988 23.32928467 1.04990005 0.425015 -0.016432 -1.505318
26.37080765 22.63279343 0.15010700 0.075360 -0.059587 -1.567856
5.89899302 18.02539825 10.45673466 -0.499028 -0.176271 -0.419894
47.54606247 31.02856064 16.03722191 0.909484 0.269185 -0.320472
45.78728867 26.66824913 11.21212673 0.694701 0.038376 -0.510609
22.29036140 20.76751328 0.51033098 -0.041201 -0.129147 -0.779782
16.89204597 20.10937691 1.86252201 -0.307621 -0.166705 -0.742670
13.01555729 20.81326866 3.46295404 -0.373132 -0.126425 -0.592898
4.26245785 13.17687798 17.57246590 -0.417541 -0.226260 -0.169008
47.72209167 35.25394058 23.11233902 1.364879 0.687232 -0.133312
48.20985413 32.12695313 19.04103470 0.971592 0.331774 -0.213996
47.58552551 27.29825401 14.53042412 0.570369 0.074147 -0.235412
38.50936127 23.18520927 4.04281378 0.387513 -0.066648 -0.681136
10.09163284 18.68330002 5.95164490 -0.905525 -0.467593 -1.162924
5.89641190 9.16041088 21.97339058 -0.244652 -0.190877 -0.047249
44.79743195 23.00901794 9.86402893 1.217038 -0.043528 -0.961838
41.05814362 21.16988945 6.22591686 0.514134 -0.103107 -0.539232
36.37255478 19.84935570 3.34045506 0.703159 -0.236357 -1.377168
31.03559494 18.94435692 1.50743103 0.371183 -0.293493 -1.497827
25.40633202 18.30372238 0.91692102 0.017001 -0.335745 -1.541099
19.87556267 17.75031471 1.62945902 -0.117282 -0.221102 -0.736629
7.51358700 14.97078323 10.21351242 -1.140186 -0.569134 -0.967865
5.64052486 14.82856178 12.88585091 -0.385065 -0.207891 -0.217072
49.13765717 27.99213028 19.21894073 0.884733 0.079737 -0.247920
16.20833969 16.01611519 3.38989902 -0.344190 -0.315524 -0.725798
9.99814606 14.78420639 7.80750084 -0.606061 -0.402245 -0.625106
45.73273468 38.83734512 26.91870499 1.239974 0.894898 0.086402
48.62263489 24.42634773 16.83654594 0.801542 -0.046105 -0.316557
47.04003525 23.50842667 13.29478359 1.410578 -0.174115 -0.712227
43.29482651 19.40135002 8.90794373 0.577987 -0.153599 -0.456148
39.00675964 17.76649666 5.59672403 0.399875 -0.236133 -0.627906
28.42908096 15.91364098 1.96351898 0.211103 -0.489220 -1.484620
49.17686081 31.36233902 25.00000000 1.469255 0.450635 -0.035639
45.92371368 19.75723076 12.36230087 0.635154 -0.135778 -0.341572
33.94120026 16.64690208 3.19906902 0.319954 -0.252988 -0.664094
24.30743980 14.24604225 2.44179201 -0.067597 -0.356491 -0.736428
18.97632408 13.82747459 3.46189404 -0.390381 -0.632552 -1.405274
14.26430798 13.33210754 5.67113113 -0.271549 -0.324888 -0.563623
7.93307304 11.55784130 12.62953186 -0.367742 -0.292021 -0.297011
6.62149477 9.30116653 18.61429405 -0.948594 -0.836928 -0.282145
42.95144653 42.26397705 27.16812325 1.067120 1.092849 0.093391
47.57147598 35.37303162 27.81577873 1.364884 0.687234 0.133312
47.90999985 20.54791451 16.03837395 0.666604 -0.105621 -0.226327
31.27827454 13.66078854 3.62231398 0.155707 -0.365191 -0.687713
9.98245525 11.39540768 10.35799026 -0.657733 -0.579940 -0.575249
49.88436890 27.40170860 25.00000000 0.920394 0.051541 -0.028169
49.46621323 23.75933266 20.01350594 0.878487 -0.013112 -0.144240
42.33368301 15.13590336 9.92542267 0.508488 -0.322013 -0.497668
37.80064011 13.59525299 6.80452394 0.443440 -0.350627 -0.553896
49.89368057 23.42133522 23.32297897 0.655395 -0.016135 -0.021396
48.83605576 19.81568336 19.52595520 0.767966 -0.197287 -0.212812
33.87820435 11.60503387 5.84922218 0.322629 -0.416827 -0.590425
27.11859703 12.02326584 3.73698401 0.112965 -0.414349 -0.681724
21.69835281 11.67517376 4.10626602 -0.126038 -0.367456 -0.565377
16.74009132 11.37450981 5.73552608 -0.252085 -0.482184 -0.704747
48.55487061 31.85414505 29.81546783 0.957632 0.231113 0.178476
47.15565109 16.34860802 17.30062103 1.387705 -0.468813 -0.530545
45.05841064 15.51484966 13.48080063 0.607305 -0.318470 -0.395214
24.30208588 9.61640644 5.30589008 -0.040506 -0.909198 -1.303470
13.65893745 10.11166859 8.42538261 -0.263853 -0.322501 -0.340377
9.02446365 8.31128025 15.44652081 -0.800349 -0.828357 -0.419841
44.31716156 39.95663834 30.30530357 0.973314 0.691591 0.278128
46.39646530 36.30211258 31.28120613 0.311528 0.182957 0.091871
49.89368057 23.42133522 26.67702103 0.857743 -0.090540 0.029758
39.94124222 11.90268040 9.82701969 0.433664 -0.423514 -0.501212
29.72733307 9.96054554 5.59723902 0.098918 -0.444652 -0.575349
19.17477417 9.44941235 6.31187677 -0.174263 -0.387346 -0.453687
11.25353622 8.93236256 11.66337013 -0.544718 -0.669302 -0.595964
8.50592518 6.58368301 21.28720474 -0.158579 -0.174238 -0.045163
49.13765717 27.99213028 30.78106117 0.898901 0.068533 0.194559
49.36427307 19.39802551 25.00000000 0.791474 -0.215876 -0.030811
47.89985657 15.76016426 21.09846878 0.703117 -0.252536 -0.087115
43.61046219 11.56805992 15.08870983 0.550797 -0.435513 -0.338150
36.15976334 9.80100727 8.58506203 0.389761 -0.468760 -0.495913
32.06431580 8.11269760 7.97312498 0.188573 -0.559045 -0.570868
26.71833420 7.70588589 7.02888680 0.120073 -1.036169 -1.199688
49.46621323 23.75933266 29.98649597 0.639071 -0.003227 0.147783
45.75603485 12.42985916 18.98513412 1.317607 -0.722199 -0.435003
40.31137848 9.05171967 13.32892323 0.446748 -0.513819 -0.392410
22.60891533 6.73404503 8.09918308 -0.141605 -1.109140 -1.137869
15.69169426 6.88112688 10.50648880 -0.198862 -0.436279 -0.362766
46.75457764 33.27763367 34.12244797 0.416745 0.182842 0.177502
36.53195572 7.01467896 12.01761818 0.750927 -1.075587 -0.881693
28.88288116 5.99438286 9.22946644 0.088861 -0.657936 -0.551387
18.79576874 6.04998779 9.92006111 -0.386719 -1.164895 -1.026723
12.93404770 6.32027292 13.57718754 -0.772830 -1.161783 -0.795387
45.28644943 35.89648819 34.73275375 0.869161 0.412762 0.417177
47.63920593 29.17695236 34.74778748 0.519443 0.124417 0.231831
48.62263489 24.42634773 33.16345596 1.481144 0.012452 0.443919
49.12885666 19.58416748 28.66972733 0.813385 -0.145822 0.150705
48.15014267 15.56226444 25.00000000 1.437264 -0.654612 0.062598
46.27165985 12.02215576 22.97712517 1.357606 -0.753829 -0.188517
32.42691040 5.46475983 11.28083706 0.495142 -1.183853 -0.933390
10.92441654 5.89885807 17.12444878 -0.206904 -0.292856 -0.134520
43.38593292 9.17897320 18.94587135 1.122021 -1.047845 -0.316532
40.09805298 6.68701220 17.14613342 0.509313 -0.564437 -0.220101
24.66436958 5.10880184 9.85973740 0.034171 -0.708525 -0.538090
42.45823669 40.51634598 33.91363525 1.081643 0.971458 0.485100
45.51596832 32.63375092 37.07562637 0.433288 0.188529 0.257295
47.38536835 25.40465164 36.12346649 1.412539 0.066700 0.625540
48.42886734 20.13764954 32.24193192 0.786586 -0.124632 0.267062
47.06034470 13.93192673 28.97981644 0.685800 -0.308454 0.150868
26.46813393 3.68256998 12.02264309 0.007783 -0.785447 -0.483306
19.17394066 4.12772083 12.53384399 -0.112368 -0.504669 -0.306867
40.91212845 43.36306381 30.88233566 0.835085 0.926678 0.351830
47.28290558 21.04375648 35.62168503 0.631626 -0.077964 0.318919
45.15364456 10.34786892 27.03607941 0.610830 -0.482982 0.031789
43.90492630 8.76860714 22.96392059 0.571152 -0.532226 -0.095721
40.85719299 6.08676291 21.02018547 0.529553 -0.580441 -0.095386
36.86948013 4.31326485 17.50503922 0.789073 -1.262783 -0.539342
33.98838806 4.23010111 14.37831688 0.221525 -0.596620 -0.318921
29.76866722 3.12471104 13.87653446 0.175630 -0.635676 -0.312014
22.30331993 3.27657509 12.92437363 -0.145847 -1.355353 -0.838119
15.71916008 4.11809111 14.86037827 -0.473881 -0.962465 -0.444287
40.48779678 44.52134705 27.01124573 0.989009 1.257131 0.194337
43.96608353 35.48248672 37.46615601 0.465153 0.225724 0.306866
45.78728867 26.66824913 38.78787613 0.538178 0.076551 0.367109
46.60400772 16.78479004 34.52769852 0.651875 -0.212021 0.309579
41.66783142 38.75772095 37.56616592 0.284000 0.253854 0.206771
43.62873077 32.34802628 39.96585846 1.184484 0.480026 0.861630
45.72142792 22.27841759 38.71916199 0.684425 -0.131233 0.433962
41.11249924 5.88489199 25.00000000 1.063471 -1.163184 -0.063506
37.59392548 3.74044704 21.20205307 0.380790 -0.711031 -0.153028
31.00593567 2.14640594 16.83654594 0.423900 -1.419656 -0.584167
42.00841904 35.40716171 40.07994080 0.664603 0.355955 0.592846
43.87086868 28.18355751 41.08586884 1.211034 0.226029 0.934514
45.15997314 17.92658424 37.98238373 0.639490 -0.263571 0.390050
45.30861664 12.78363132 32.95741653 0.646034 -0.350240 0.278480
26.74024773 1.54626703 16.52096939 0.152687 -1.470875 -0.605254
21.96243477 1.92286503 15.87755203 -0.044501 -0.558332 -0.218564
43.78592300 23.80881310 41.45205307 0.622673 -0.082405 0.528650
44.04943466 13.77926254 36.67108154 0.597265 -0.313204 0.388678
43.38593292 9.17897320 31.05413055 0.563001 -0.525781 0.158828
40.85719299 6.08676291 28.97981644 0.521431 -0.574019 0.158271
34.00448608 1.94474196 21.48228836 0.300989 -0.681899 -0.081071
14.16396046 3.33735895 18.81047440 -0.668254 -1.389265 -0.460539
38.79497147 43.41288757 34.78081894 0.880041 1.130864 0.543767
41.68704224 29.91030693 42.95637894 0.430328 0.161826 0.467859
37.83757019 3.54780102 25.00000000 0.440916 -0.673660 0.031177
18.50978470 1.91155100 17.94304085 -0.377844 -1.474098 -0.513727
38.31922150 41.40545273 38.35886765 0.229286 0.297114 0.216800
39.96965027 33.32011032 43.21223068 0.365453 0.236173 0.443738
41.52783585 25.59427643 43.74773026 0.463867 0.054683 0.537194
42.21942902 20.25166512 42.49127197 1.133772 -0.268029 1.034268
42.33368301 15.13590336 40.07458115 0.538744 -0.345935 0.447221
41.66819382 10.53718472 36.74726105 0.535521 -0.423435 0.400370
30.18183517 0.74615598 21.85363007 0.151324 -0.898943 -0.139902
11.65623569 4.09274101 21.86463547 -0.121107 -0.203867 -0.036293
39.53534317 7.13194704 34.71887207 0.473449 -0.536080 0.338969
37.59392548 3.74044704 28.79794693 0.428982 -0.664222 0.154842
34.23015213 1.76631105 25.00000000 0.227255 -0.646804 -0.023654
23.76272774 0.49937901 20.18453407 -0.098769 -1.021912 -0.213996
37.93323898 45.71846771 30.33632660 0.654498 1.069469 0.328263
37.93043900 38.63161087 41.49190521 0.511229 0.584082 0.632307
39.00717163 27.58736229 45.54518127 0.467365 0.040395 0.673735
40.20696259 16.81749916 43.07747269 0.475106 -0.295617 0.544802
36.86948013 4.31326485 32.49496078 0.387626 -0.620333 0.264948
34.00448608 1.94474196 28.51771164 0.294087 -0.676442 0.134520
26.22497368 0.17573200 22.30646133 0.059249 -0.636067 -0.054248
35.98440552 44.53490067 36.07837677 0.478468 0.838123 0.532091
36.35334778 36.17951202 44.26447296 0.277816 0.305467 0.464483
37.20424271 31.28556252 45.89373779 0.417743 0.167010 0.709346
39.81870651 22.14991379 44.93195724 0.864474 -0.201707 1.307732
39.94124222 11.90268040 40.17297745 0.464139 -0.447608 0.450407
38.06233215 8.29665184 38.24287033 0.896688 -1.031309 0.787623
30.33313179 0.62652600 26.57843781 0.405778 -1.541955 0.052036
34.77459717 42.75017929 39.64200974 0.659332 1.091040 0.859048
34.87629318 39.26856232 42.99631119 0.368096 0.488240 0.690435
37.13882065 24.26889229 46.84295273 0.391256 -0.067290 0.687712
37.72578049 18.77936172 45.59995651 0.871400 -0.369385 1.245433
33.33349609 2.47529507 31.94193840 0.263203 -0.795788 0.205549
22.23638916 0.24824300 22.82905197 -0.037667 -0.553011 -0.038559
35.30436707 28.15392303 47.55821228 0.715775 0.210421 1.364116
37.80064011 13.59525299 43.19548035 0.400341 -0.316549 0.588998
35.68347931 5.25103378 35.99279785 0.298912 -0.602787 0.292961
29.93078995 0.94465500 29.69336510 0.151324 -0.898946 0.139903
16.17421150 1.74785602 22.46163368 -0.119789 -0.361738 -0.038289
35.24216843 46.22207642 33.34993362 0.599022 1.377687 0.572451
33.09937668 34.53127289 46.64613342 0.277648 0.277784 0.742507
34.95608139 20.96935654 47.57499695 0.703160 -0.236358 1.377166
35.06278992 10.66838455 42.84222794 0.715544 -0.888079 1.089642
34.06744003 6.52883005 39.19849777 0.292460 -0.545087 0.471817
32.23500443 3.34386897 35.18168640 0.229710 -0.769303 0.316556
24.34551620 0.03856700 26.22415161 0.007430 -0.599393 0.046449
31.69120789 43.56496048 40.34828949 0.251634 0.682484 0.625105
35.30326080 15.56992340 45.73442841 0.563274 -0.606044 1.331367
37.73030472 46.39231491 27.30392456 0.776973 1.219768 0.094536
31.91025162 46.47301102 35.77766418 0.274411 0.883032 0.494781
31.42646790 40.07518387 43.87959671 0.181796 0.395857 0.554265
32.36549377 30.47768402 48.25391769 0.235682 0.223586 0.753953
31.60948372 26.14888573 49.08308029 0.496099 0.083617 1.477743
32.51548004 17.77421379 47.72235870 0.234648 -0.185536 0.732731
32.61389542 12.60471916 45.33188629 0.239722 -0.431619 0.621928
32.06431580 8.11269760 42.02687836 0.530929 -1.058668 1.051419
28.59914398 1.99758601 34.10687256 0.108911 -0.865409 0.299630
18.42151833 0.88105398 25.00000000 -0.369925 -1.168691 -0.017744
34.62501907 47.62019348 29.54817963 0.533956 1.164783 0.195099
31.72202492 47.90515518 32.42753601 0.476295 1.389838 0.440974
28.91984940 45.75626373 38.37207031 0.091900 0.458462 0.266173
29.06519699 41.94223785 42.92860794 0.178380 1.080058 1.160450
27.63685036 38.85047913 45.64488602 0.089015 0.426937 0.717896
29.12586403 35.40048599 47.35636902 0.176405 0.652861 1.435458
28.49351501 28.61267662 49.48966980 0.115339 0.069379 0.774250
29.88023949 14.76621437 47.28122330 0.395427 -0.634966 1.388691
28.88288116 5.99438286 40.77053452 0.330915 -1.202880 0.985337
27.26035118 3.05616403 36.76260757 0.064239 -0.830086 0.396740
25.33034515 0.88311201 31.57773590 -0.009156 -0.523890 0.122222
26.63334656 32.57554626 48.76853561 0.045438 0.267489 0.701513
29.51138687 20.14954376 49.10644150 0.146036 -0.196089 0.747573
29.72733307 9.96054554 44.40276337 0.155650 -0.448100 0.651288
26.85650826 43.68864059 41.50115204 0.046651 0.502713 0.492002
25.07366371 40.87718582 44.31086731 -0.000448 0.497674 0.676677
26.71833420 7.70588589 42.97111130 0.052360 -0.629074 0.588496
25.60088158 4.36830378 39.10574722 0.007784 -0.785448 0.483307
22.51455879 1.48630202 33.11964417 -0.131841 -0.995762 0.301548
33.45125961 31.98040962 2.53113198 0.219854 0.208568 -0.703310
29.98553658 49.27819061 28.27319145 0.271477 1.122506 0.120726
11.24087048 44.74633789 31.76523018 -0.933530 1.219974 0.371957
2.52596998 14.54991627 28.27319145 -1.360198 -0.690937 0.159485
6.72162008 38.16936111 35.83829880 -0.561157 0.443707 0.309228
1.25647700 19.91826439 30.95157051 -0.936969 -0.247449 0.251355
30.73820686 4.52738190 38.15085602 0.145070 -0.581821 0.333164
